000000000000000000000000000000000000000000000000000000000000000000000000010000000000000000000000000000000000000000100000000000000000000000000000000000000000000000000000000000000000000000001000
000000000000000000000000000000000000000000000000000100001000000000000000000000000000000000000000000000000100000000000000000000000000000000000000000000000000001000000000000000000000000000000000
000000000000000000000000000000000000000000000000000001000000000001001000000000000000000000000000000000001000000000000000000000000000000000000000000000000000000000000000000000000000000000000000
000000000000000000000100000000000000000000000000000000000000000000000000000000000000000010000000000000000000000000000000000000000000000000000000000010000000000000000000000000100000000000000000
000000000000000000000000000000000100000000000000000000000010000000000000000000001000000000000000000000000000000000000000000000000000000000000000000000000000000000000000000000000000000000010000
000000000000000010000000000000000000000000001000000000000000000000000000000000000000000000000000000000000000000000000000000000000000000000000000000000001000000000000000000000000100000000000000
000000000000000001000000000000000000000000000000001000000000000000000000000000000000000000000000000000000000000001000000000000000000000000000000000000000000000000000000000000000000000000000000
000000000000100000100000000000000000000000000000000000000000000000000000000000000000000000000000000000000000000000000000000010000000000000000000000000000000000000000000000000001000000000000000
000000000000000000000000000000100000000000000000000000000000000000000000000000000000000000001000000000000000000000000000000000000000000000000000001000000000000100000000000000000000000000000000
000000000000000000000000000000000000000000000000000000000000000000000000000000000000000001000000000000000000000000000000000000000000100000000000000000000001000000000000100000000000000000000000
000001000000000000000000000000000000000000010000000000000000000000000000000000000000000000000000000000000000000000000000000000000000000000010000000000000000000000000001000000000000000000000000
000000000000000000000000000000000000000000000000000000000000000100000000000000100010000000000000000000000000000000000000000000000000000000000000000001000000000000000000000000000000000000000000
000000000000000000000000000000000000000000000000000000000000000010000000000000000000000000000000000000000000001000000000000000000000000000000000100000000000000000000100000000000000000000000000
000000000000000000000000100000000000001000000000100000000000000000000000000000000000000000000000000000000000000000000000000000000000000000000001000000000000000000000000000000000000000000000000
000000000000000000000000000000000000000000000000000000000000000000000000000000000000000000000000000000000000000000000000000000000000000000000000000000000010000000100000001000000000001000000000
000000000000000000000000000000000000000100000000000000000000000000000000000100000000000000000000000000000000000000000010000000000000000000000000000000000000000000000000000000010000000000000000
000000000000000000000000000001000000000000000000000000010100000000000000000000000000000000010000000000000000000000000000000000000000000000000000000000000000000000000000000000000000000000000000
010000000000000000000000000000000000000000000000000000000000000000000000000000000000010000000010001000000000000000000000000000000000000000000000000000000000000000000000000000000000000000000000
000000010000000000000000000000000000000000000000000000000000000000000000000000000000000000000000000000000000010010000000000000000000000001000000000000000000000000000000000000000000000000000000
100000000010000000000000000000000000000000000000000000000000000000000000000001000000001000000000000000000000000000000000000000000000000000000000000000000000000000000000000000000000000000000000
000000000000000000001000000000000000000000000000000000000000000000000000000000000000000000000000000000000000000000000000000000000000000000100000000000000000100000000000000000000010000000000000
000000000000000000000010000000000000000000000000000000000000000000000000000000000000000000000000000000000000000000000000000000000000001000000000000000000000010000000000000000000001000000000000
000000000000000000000000000010000000000000000000000000000000000000000000000000000000000000000000000000000000000000010000000000000000000000000000000000000000000000000000000000000000000100100000
000000000000000000000000000000000000000000000010000000000000001000000000000000000000000000000000000000000000000000000000000000000000000000000000000000000100000001000000000000000000000000000000
000000000000000000000000000000000000000000000000000000000000000000000000000000000000000000000000000000000000000000000000000000000100010000000000000000000000000000001000000100000000000000000000
000000000000000000000000000100000000000000000000000000000000000000000000000000000000000000000000000000000000000000000000100000000000000000000100000000000000000000000000000000000000000001000000
000000000000000000000000000000000000000000000000010000000000000000000000000000000100000000000000000000000000000000000000000001000010000000000000000000000000000000000000000000000000000000000000
000000000000000000000000000000000000000001000000000000000000000000000000001000000000000000000000000000000000000100000000000000000000000000000000000000000000000000010000000000000000000000000000
000000000000000000000000000000000000000000100000000000000000100000000000000000000000000000000000000000000000000000001000000000000000000000000000000000000000000000000000000000000000000000000001
000000000000000000000000000000000000000000000000000000000001000000000000000000000000000000000000000000100000000000000000000000000000000000000000000000000000000000000000000001000000000000000000
000000000000010000000000000000000000000000000000000000000000000000000000000000000000000000000001000000000000000000000000000000000000000010000000000000100000000000000000000000000000000000000000
000000000000000000000000000000000000000000000000000000000000000000000000000000000000000000000000000000000010000000000000000100000000000100000000000000000000000000000000000000000000010000000000
000000000000000000000000000000000000000000000000000000000000000000000101000000010001000000000000000000000000000000000000000000000000000000000000000000000000000000000000000000000000000000000000
000000000000000000000000000000000000100000000000000000000000000000000000000000000000000000000000000000000000000000000000000000000000000000000000000000000000000000000010000010000000000000000100
000000000000000000000000000000000000000000000000000000000000000000100000000000000000000000000000010000000000000000000000000000000000000000000010010000000000000000000000000000000000000000000000
000000000000000000000001000000000000000000000100000000000000000000000000000000000000000000000000000000000001000000000000000000001000000000000000000000000000000000000000000000000000000000000000
000000001000000000000000000000000000000000000000000000000000000000000010000000000000000000000000000000000000000000000000010000000000000000000000000000000000000000000000000000000000000000000000
000000000000000000000000010000000000000000000001000000000000000000000000000000000000000000000000000000000000100000000000000000000000000000000000000000000000000000000000000000000000000000000010
000000000000000000010000000000000000000000000000000000000000010000000000000000000000100000000000000000000000000000000100000000000000000000000000000000000000000000000000000000000000000000000000
000000000000000000000000000000000010000000000000000000000000000000010000100000000000000000000000100000000000000000000000000000000000000000000000000000000000000000000000000000000000000000000000
000000100100001000000000000000000000000000000000000000000000000000000000000000000000000000000000000000000000000000000000000000010000000000000000000000000000000000000000000000000000000000000000
000010000000000000000000000000000000000000000000000010100000000000000000000000000000000000000000000000000000000000000000000000000000000000000000000000000000000000000000000000000000000010000000
000000000000000000000000000000000000000000000000000000000000000000000000000000000000000000100000000100000000000000000000000000000000000000000000000000000000000010000000000000000000000000000000
000000000000000000000000000000000000000000000000000000000000000000000000000000000000000000000000000001000000000000000000001000000001000000000000000000010000000000000000000000000000000000000000
000000000001000000000000000000000000010000000000000000000000000000000000000000000000000000000000000000000000000000000000000000100000000000000000000000000000000000000000000000000000000000000000
000000000000000000000000000000010000000000000000000000000000000000000000000010000000000000000000000000000000000000000000000000000000000000001000000000000000000000000000000000000000100000000000
000000000000000000000000001000000000000000000000000000000000000000000000000000000000000100000000000010010000000000000000000000000000000000000000000000000000000000000000000000000000000000000000
000000000000000100000000000000001000000000000000000000000000000000000000000000000000000000000000000000000000000000000001000000000000000000000000000000000000000000000000010000000000000000000000
000100000000000000000000000000000001000000000000000000000000000000000000000000000000000000000100000000000000000000000000000000000000000000000000000100000000000000000000000000000000000000000000
001000000000000000000000000000000000000010000000000000000000000000100000000000000000000000000000000000000000000000000000000000000000000000000001000000000000000000000000000000000000000000000000
000000000000000000000000000000000100000000000000000000000000000000000000000000000000000000101000000000000000000000000000000000000100000000000000000000000000000000000000000000000000000000000000
000000000000000000000000000000000000000000000000000000010000000000000000000000000000000000000000000000000000000000000000000000000000000000001000000000000000000000000000100000000000000000000000
000000000000000000000000000000000000000000000000000000000000000000000000000000000000000000000000000000000000100000110000000000000000000000000000000100000000000000000000000000000000000000000000
000000000000000000000000000000000000000100000000001000000000000000000000000000000000000000000000000000000000000000000100000000100000000000000000000000000000000000000000000000000000000000000000
000000000000000000000000000001001000000000000000000000000000000000000000000000000000000001000000000000000000000000000000000000000000000000000000000000000000000000000100000000000000000000000000
000000000000000100000000000000000000000000000000000000000000000000000000100000000000000000000000000000000000000000000000000000000000000000000000000000000000001000000000001000000000000000000000
000000000000000000000000000010000000000000000000000000000000000010000000000000000000000000000000010000000000000000000000000000000000000000000000000000000000000000000000000000000001000000000000
000000000000000000000000000000000000000000100000000000000000000000000000000010000000000000000000000000000010000000000000000000000000000000000000000000000000000000000000000000000000001000000000
000100000000000000000000000000000000000000000000000000000000000001000000000000000000000010000000000000000000000010000000000000000000000000000000000000000000000000000000000000000000000000000000
000000000000000000000000010000000000000000000000000000000010000000000000000000000000000000000000000000000000000000000010000000000000000000100000000000000000000000000000000000000000000000000000
000000000000000000000000000000000000000000000000000000000000000000000000000000000000000000000000000001000000000100000000000000000001000000000000000000000000000000000000000000000000100000000000
000000000000000000000000000000010000000000000000100000000000001000000000000000000000000000000000000000000000000000000000000000000000000000000000000000000000000000000000000000000000000000000000
000000000000000000000000000000000000000000000100000000000000000000000000000000000000000000000000000000000001000000000000000100000000000000000000000001000000000000000000000000000000000000000000
000000000000000000000000000000000000000000000000000010000000010000000000000000000000000000000000001000000000000000000000000000000000000000000000000000000000000000100000000000000000000000000000
000000000000000000000000000000000000000000001000000000000000000000000000000000000000000000000001000000000000000000000000000000000000000000000000000010000000010000000000000000000000000000000000
000000000000000000000000000000000000000000000000000000000000000000000000000000010000100000000000000000010000000000000000000000000000000000000000000000000000000001000000000000000000000000000000
000000000100000000000001000000000000000000010000000000000000000000000000000000001000000000000000000000000000000000000000000000000000000000000000000000000000000000000000000000000000000000000000
000001010001000000000000000000000000000000000000000000000000000000000000000000000000000000000000000000000000000000000000000000000010000000000000000000000000000000000000000000000000000000000000
000000000000000000000000000000000000000000000000000000000000000000000000000000000100000000000000000010001000000000000000000000000000000000000000000000000000000000000000000000000000010000000000
000000000000000000000000000100000000000000000000000001000000000000000100000000000000000000000000000000000000000000000000000000000000000000000000000000000000000000000000000000000000000001000000
000000000000000000000000000000000000000000000000000000000001000000000000000000000000000000000000000100000000000000000000000000000000000000000000000000000000000000000000000010000000000000000010
001000000000010000000000000000000000000000000000000000000000000000000000000000000000000000000000000000000000000000000000000000000000000000000000100000000000000000000000000000000010000000000000
000000000000000000000010000000000000000000000000000000000000000000000000000000000000000000000000000000000000000000000001000000000000000000000000000000000000000000000000000000010000000000000100
000000000000000000000000100000000000000000000000010000000000000000000000001000000000000000000000000000000000000000000000000000000000000000000010000000000000000000000000000000000000000000000000
000000000000000000000000000000000000000000000000000000000000000000000000000000000000000000000100000000000000000000000000000010001000000000000000000000000000000000000000000000000000000000001000
000000000000000000000000000000000001000000000000000000001000000000000000000000000000000000000000000000000000000000000000000000000000000000000000000000000001000100000000000000000000000000000000
000000000000001000000000000000000000000000000000000000000000100000000000000000000000000000000000000000100000000000000000000000000000000000000000000000000000000000000000000000000000000000000001
000000000000000000000000000000000000000000000010000000000000000000000000000000000000000000000000000000000000000000000000001000000000000000000000000000000000000010000000000000000000000010000000
000000000000000000000000000000000000000000000000000000000000000000011001000000000000000000000000000000000100000000000000000000000000000000000000000000000000000000000000000000000000000000000000
000000000010000010000100000000000000000000000000000000000000000000000000000001000000000000000000000000000000000000000000000000000000000000000000000000000000000000000000000000000000000000000000
000000000000000000000000000000000000000000000000000000000000000000000010000000100000000000010000000000000000000000000000000000000000000000000000000000000100000000000000000000000000000000000000
010000000000000000000000000000000000000000000000000000000000000000000000000000000000000000000000000000000000000000001000000001000000000000000000000000000000000000010000000000000000000000000000
000000000000000000000000000000000000010000000000000000000000000000000000000000000000000000000000000000000000000000000000010000000000000000000000000000000010000000000000000000100000000000000000
000000000000000000000000000000000000000000000000000000000000000000000000000000000000000000000000100000000000000000000000000000000000100000000000000000100000000000001000000000000000000000000000
000000000000100000001000000000000000000000000000000100000000000000000000000000000000000000000000000000000000000000000000000000000000000000000000000000000000000000000000000100000000000000000000
000000100000000000000000000000000000000000000000000000000000000000000000000000000000010100000000000000000000000000000000000000000000000000000000000000010000000000000000000000000000000000000000
000000001000000000000000000000000010000000000000000000000000000000000000010000000000000000000000000000000000000000000000000000000000000000000000000000000000000000000000000000000000000000010000
000000000000000000000000000000000000000000000000000000000000000000000000000000000010000000000000000000000000000000000000000000000000000010000000000000000000000000000010000000000000000100000000
000000000000000000000000000000000000000000000000000000100000000000000000000000000000000000000010000000000000000000000000000000000000000001000000000000000000000000000000010000000000000000000000
000000000000000000000000000000000000000010000000000000000000000000000000000000000000000000000000000000000000000000000000100000000000000000000000000000001000000000000000000001000000000000000000
100000000000000000000000000000000000000000000001000000000000000000000000000000000000000000000000000000000000001000000000000000000000000000000000000000000000000000000001000000000000000000000000
000010000000000000010000000000000000000000000000000000000000000000000000000000000000000000000000000000000000000001000000000000000000000100000000000000000000000000000000000000000000000000000000
000000000000000000000000000000000000100000000000000000000000000000000000000000000000000000000000000000000000000000000000000000000000001000010000000000000000000000000000000000000000000000100000
000000000000000000000000000000000000000000000000000000000100000000000000000100000000000000000000000000000000000000000000000000000000000000000100000000000000000000000000000000000000000000000000
000000000000000000000000000000000000001000000000000000000000000000000000000000000001000000000000000000000000000000000000000000010000000000000000000000000000000000000000000000000100000000000000
000000000000000000000000001000000000000001000000000000000000000000000000000000000000000000000000000000000000000000000000000000000000000000000000000000000000100000000000000000001000000000000000
000000000000000000000000000000000000000000000000000000000000000100000000000000000000001000000000000000000000010000000000000000000000000000000000001000000000000000000000000000000000000000000000
000000000000000000100000000000100000000000000000000000000000000000000000000000000000000000000000000000000000000000000000000000000000010000000000010000000000000000000000000000000000000000000000
000000000000000001000000000000000000000000000000000000000000000000000000000000000000000000000000000000000000000000000100000000000000000000000000001000000000000000000000000100000000000000000000
000000000010000000000000000000000000000000000000000000000000000000000000000000000000000000000100000000000000000000000000000000000001000000000000000000000000000001000000000000000000000000000000
000000000000000000000000100000000000000000000000100000001000000000000000000000000000000000000000000000010000000000000000000000000000000000000000000000000000000000000000000000000000000000000000
000000000000000000000000000000000000000000000000000001000000010000000000000000000000000000000000000000000000000000000000000000000000000000000010000000001000000000000000000000000000000000000000
000010000000000000000000000000000000001000000000000000000000000000000000000010000000000000000000000000001000000000000000000000000000000000000000000000000000000000000000000000000000000000000000
000000000000000000000000000001000000000000000001000000000000000000000000000000000000000000000000000000000000000000000000000000000000000000000000000000000000000000000000000001000000000000001000
000000000000000000000000000000000000000000000000000000000000100000000000000000000000000000000000000100000000000000000000000001000000000000000000000000100000000000000000000000000000000000000000
100000000000000000000000000000000000000000000000000000000000000000000000000000000000000000000000000000000000000000000000000000000000000000000000000000000000000000000000000000010000001000000000
000000001000000000010000000000000000000000000000000000000000000000000000000000000000000000000000000000000000000000000001000000000000000000000000000000000010000000000000000000000000000000000000
000000000000000000000000000000000001000000000000000100000000000000000000000000010000000000000000000000000000000000000000100000000000000000000000000000000000000000000000000000000000000000000000
000000000000000000000000000000000000000000000000000000000000000000000100000000100000000000000000000000000000000100000000000000000000000000000000000000000000000000000010000000000000000000000000
000000000000000000000000000000000000000000000000000000000000000101000000000000000000010000000000000000000000000000000000000000000000000000000000000000000000001000000000000000000000000000000000
000000000000000000000000000000000000000000000000000000000000000000000000000000000010100000000000000000000000000000000000000000000000100001000000000000000000000000000000000000000000000000000000
000000000000000000000000000000000000000000010000000000000000000000000000000000000000000000000000000000000000000000000000000000000010000100010000000000000000000000000000000000000000000000000000
000000000000000000000000000000000000000000100000000000000000000000000000100000000000000000000000000000000000000000000010000000000000000000000000000000000000000000000000000000000000000001000000
000000000000000000000000000000000000000000000000000000000000000000010000000000000000000000000000000000000000000000000000000000000000000000000000000000000000000000000000010000000001000000000010
000000000000000000000000000000000000000000000000000000000000000000000000000000000000000000000000010000000000000000000000000000000000001010000000000000000000000000000000000000100000000000000000
000000000000000000000100000000000000000000000000000000100000000000000000000000000000000000000000000000000000000000000000000000000000000000000000000000000000000000000100100000000000000000000000
000000000000000000000000000000000000000100001000000000000000000000000000001000000000000000000000000000000000000000000000000000000000000000000000000000000000000000000000001000000000000000000000
000000000000000100000000000100000000000000000000000000000000000000000000000000000000000000000000000000000000000000000000000010000000000000000000000000000000000000000000000000000000000000000000
000000010000000000000000000000000000000000000000001000000000000000000000000000000000000000000000001000000000000000000000000000000000000000000000000000000000100000000000000000000000000000000000
000001000000000010000000000000000000000000000000000000000000000000000000000000000000000000000000000000000000000000000000000000000000000000000000000000000000000000000000000010000000000000000000
000000000000010000000000000000000000000000000000000000000000000010000000000000000000000000000000000000000000000001000000000100000000000000000000000000000000000000000000000000000000000000000000
000000000000000000000000000000000000100000000000000000000000000000000000000000000000000000000000000000000000000010000000000000000000000000100000000000000000000000000000000000000010000000000000
000000000001000000000000000000000000000000000000000000000000000000000000000000000100000000000000000000000000000000000000000000000000000000000000000010000000000000000000000000000000000100000000
000000000000000000000000000000010000000001000000000010000000000000000000000001000000000000000000000000000000000000000000000000000000000000000000000000000000000000000000000000000000000000000000
000000000000000000000000000000000000000000000000000000000000000000000000000000000000000100000000000000000000000000000000000000000000000000000000100000000000000100000000000000000000000000010000
000000000000000000000000000000000000000000000000000000010000000000000000000000000000001000000000000000000000000000000000000000000000000000001000000000000000000000000001000000000000000000000000
000000000000000000000000000000000000000000000000000000000100000000000000000000000000000000000000000010000000000000000000000000000000000000000000000000000000000000001000000000000000000000000000
000000100000000000000000000000000000000000000000000000000000000000000001000000000000000000000000000000000000000000000000000000000000000000000001000000000000000000010000000000000000000000000000
000000000000000000000000000000100000000000000000000000000000000000000000000000000000000000000000000001000000000000000000000000000000000000000000000100000000000000000000000000000000010000000000
000000000000000000000000000000000000000000000000000000000000000000000000000000000000000000000001000000000000100000100000000000000000000000000000000000000000000000000000000000000000000000100000
000000000000000000000000000000000010000000000100000000000000000000000000000000000000000001010000000000000000000000000000000000000000000000000000000000000000000000000000000000000000000000000000
001000000000000000100000000000000000000000000000000000000000000000000000000000000000000000000000000000000000000000000000000000000100000000000000000000000000000000000000000000000000000000000001
000000000000000000001000010000000000000000000000000000000001000000000000000000000001000000000000000000000000000000000000000000000000000000000000000000000000000000000000000000000000000000000000
000000000000000000000000000000000000000000000000000000000010000000000000000000001000000000000000000000000000000000000000000000000000000000000100000000000000000000000000000000000000000000000000
000000000000000000000000000010000000000000000000000000000000000000000000000000000000000000000000000000000010000000000000000000000000000000000000000000010000000000000000000000000100000000000000
000000000000000000000000000000000000000010000000000000000000000000001000000000000000000000000000000000000000011000000000000000000000000000000000000000000000000000000000000000000000000000000000
000000000000000000000000000000000000000000000000000000000000000000000000000000000000000000000010000000000000000000000000000000010000000000000000000000000000000000000000000000000000100000000000
000000000000000000000000000000001000000000000000000000000000000000000000000000000000000000000000000000100000000000001000000000000000000000000000000000000000000000000000000000000000000000000100
000100000000001000000000000000000000000000000010010000000000000000000000000000000000000000000000000000000000000000000000000000000000000000000000000000000000000000000000000000000000000000000000
010000000000100000000000000000000000000000000000000000000000000000000000000000000000000000000000000000000000000000000000000000000000000000000000000000000000000000000000000000000000000010000000
000000000000000000000000000000000100000000000000000000000000000000000000000000000000000000000000100000000000000000000000000000000000000000000000000000000000010000000000000000000000000000000000
000000000000000000000000000000000000010000000000000000000000001000000000000000000000000000000000000000000000000000010000000000100000000000000000000000000000000000000000000000000000000000000000
000000000000000000000001001000000000000000000000000000000000000000000000000000000000000000000000000000000000000000000000010000000000000000000000000000000000000000100000000000000000000000000000
000000000000000000000000000000000000000000000000000000000000000000000000000000000000000000000000000000000001000000000000000000001000000000000000000001000000000000000000000000000000000000000000
000000000100000000000000000000000000000000000000000000000000000000000000000100000000000000000000000000000000000000000000001000000000000000000000000000000000000000000000000000000000000000000000
000000000000000000000000000000000000000000000000000000000000000000100000000000000000000000000000000000000000000000000000000000000000010000000000010000000000000000000000000000000000000000000000
000000000000000001000010000000000000000000000000000000000000000000000000000000000000000000001000000000000000000000000000000000000000000000000000000000000100000000000000000000000000000000000000
000000000000000000000000000000000000000000000000000000000000000000000000000000000000000010100000000000000000000000000000000000000000000000000000000000000001000010000000000000000000000000000000
000000000000000000000000000000000000000000000000000000000000000000000010010000000000000000000000000000000100000000000000000000000000000000000000000000000000000000000000000000001000000000000000
000000000000001000000000000000000000000001000000000000000000000000000000000000000000000000000000000000000000000000000000000000000100000000000000000000000000000000000000000000000010000000000000
000000000000000000000000000000000000000000001000000000000000000000000000000000000000000000000000000000000010000000000000000000000000000000000000010000000000000000000000000001000000000000000000
000000000000000000000000000000000000000000000100000000000000000000000000100000000000000000000000000000000000001000000000000000000000000010000000000000000000000000000000000000000000000000000000
000000000000000010000000000000000000000000000000000000000010000000000000000000000000000000000000010000000000000000000000000000000000000000000000000001000000000000000000000000000000000000000000
000000000000000000000000000000000000000000000000000000000001000000000000000000000000000000000000100000000000000000000000000000000000000000000000000010000000000000000000000000000000000001000000
000000010000000000000000000000000000000000000000000000000000000000000000001000000000000000000000000000000000000000000100000000000000000000000000000000000000000000100000000000000000000000000000
000000000000000000000000000000000000000000000000000000000000000000000101000000000000000000100000000000000000000000000000000000000000000000000000000000000000000000000000000000000000000000000000
000000000000010000000000000000000000000000000000000000000000000000000000000000000000000000000000000000000000000000000000000000000000001000000000100000000000000000000000000010000000000000000000
000000000000000000000000000000000000000000000000000000000000000000000000000001001000000000000010000000000000000000000000000000000000000000000000000000000000000000000000000000000000000010000000
000000001000000000000000000000000011000000000000000000000000000000000000000000000000000000000000000000000000000000000000000000000000000000000000000000000000000000000000100000000000000000000000
000000000000000000000000000000010000000000000000000000000000000000000000000100000000000000000000000000000000000000000000000000000000000000000000000000000000001001000000000000000000000000000000
000000000000000000000000001000000000000000000000010000000000000000000000000000000000000000000000000000000000000000000000000100000000000000000000000000000000000000000000010000000000000000000000
000000000000000000000000010000000000000000000000000000000000000001000000000000010000000000000000000000000000000000000000000000000000000000010000000000000000000000000000000000000000000000000000
100000000000000000000000000000000000000000000000000000000000000000000000000000000000010000000000000000000000000000100000000000000000000000000000000000000000000000000000000000000000010000000000
000000000000000000000000000000000100100000000000000000000000000000010000000000000000000000000000000000000000000000000000000000000000010000000000000000000000000000000000000000000000000000000000
000000000000000000000000000000000000000000000000000000000000000000000000000000000010000000000000000000000000000010000000000000000000000000000000000000000000000000000000000000000000000000100001
000000000000000000000000000000000000000000000000000000000000000000000000000010000000000000000000000000001000000000000000000000000000000000000000000000000000000000000100000000000000001000000000
000000000000000000000001000000000000000000000000000000000000000000000000000000000000000000000000000000000000000100000000000000000000000000000000000100000000000000010000000000000000000000000000
000000000000000100010000000000000000000000000000000000000000000000000000000000000000000000000000000000000000000000000000000000000000000000000001000000100000000000000000000000000000000000000000
000100000000000000000000000000000000001000000000000000000000000000000000000000000000000000000000000000000000000000000000000000000010000000000000000000000000000000000000000000000000000000000100
000000000000000000000000000000000000000000000000100000000000000000000000000000000000000010000000000000000000000000000000001000000000000000000000000000001000000000000000000000000000000000000000
000000000000000000000000000000000000000000000000000000000000001000000000000000000000000000000000000000000001000000000000000000000000000100000000000000000000000000000000000000010000000000000000
000000000000000000000000000000000000000000000000000000000000000000000000000000000000000000000000000001000000000001000000000000000000000000000000000000000000000000000010000000000000000000000000
000000000000000000000000000000000000000010000001001000000000000000000000000000000000000000000000000000000000000000000000000000000000000000000000001000000000000000000000000000000000000000000000
000000000000000000000000000000000000000000000000000000000000100000001000000000000000000000000000000000000000000000000001000000000000000000000100000000000000000000000000000000000000000000000000
000000000100000000000000000000000000000000010000000000000000000000000000000000000000000001000000000000000000000000000000000000000000000000000000000000000000000000000000000000000000000000010000
000000000000000000000000000000000000000000000000000000000100000000000000000000000000001000001000000100000000000000000000000000000000000000000000000000000000000000000000000000000000000000000000
000000000000000000000000000000000000000000000000000000000000010000000000000000000100000000000000000000000000000000000000000000000000100000000000000000010000000000000000000000000000000000000000
000000000000000000001000000000000000000000000000000000000000000000000000000000000000000000000000000000000000000000000000000010000000000000000000000000000001000000001000000000000000000000000000
000000000000000000000000000000000000000100000000000000000000000000000010000000000000000000000000000000000000000000000000000000000000000000100000000000000000010000000000000000000000000000000000
000000000000000000000000000000000000000000000010000000001000000000000000000000000000000000000001000000000000000000000000000000000000000000000000000000000000000000000000000000000000000100000000
000000000000000000000000000000000000000000000000000100000000000000000000000000000000000000000000000000000000000000000000000000100000000000001000000000000000000100000000000000000000000000000000
000000000000000000000000000000000000000000000000000010000000000000000000000000000000000000000000000000100000000000000000000000001000000000000000000000000000000000000000000100000000000000000000
000000000000000000000000100000000000000000000000000000000000000000000000000000000001000000000000000000000000000000000000100000000000000000000000000000000100000000000000000000000000000000000000
000001000000000000000000000100000000000000000000000000000000000000100000000000000000000000000000000010000000000000000000000000000000000000000000000000000000000000000000000000000000000000000000
000010000000000000100000000000000000000000000000000000100000000000000000000000000000000000000000000000000000000000000000000000000000000000000000000000000000000010000000000000000000000000000000
000000000000000000000110000010000000000000000000000000000000000000000000000000000000000000000000000000000000000000000000000000000000000000000000000000000010000000000000000000000000000000000000
000000000000000000000000000000000000000000000000000001000000000000000000000000000000000000000000000000000100000000000000000000000001000000000010000000000000000000000000000000000000000000000000
000000000000000000000000000000000000000000000000000000010000000000000000000000000000000000000000000000000000000000000000000000000000000000000000000000000000000000000000001000100100000000000000
001000000000000000000000000000000000000000000000000000000000000000000000000000000000000000010000000000000000000000000000010000000000000000000000000000000000000000000000000000001000000000000000
000000100000000000000000000000100000000000000000000000000000000000000000000000000000000000000000001000000000000000000000000001000000000000000000000000000000000000000000000000000000000000000000
010000000000000000000000000001000000000000000000000000000000000000000000000000000000000000000000000000000000000000000000000000000000000000000000000000000000000000000001000000000000000000000000
000000000000100000000000000000000000000000000000000000000000000100000000000000000000000000000000000000000000100000001000000000000000000000000000000000000000000000000000000000000000000000000000
