00000100000000010001000000000000
00000000000100000000000001000011
00000000001000000100010000001000
01010000000000000000000100000000
00100001000000000010000000000100
00000000010000100000100000010000
00001000100000001000000000100000
10000010000010000000000010000000
00000000000001000000001000100000
00000000001000100000000010001000
00100000000001010001000000000000
00001010010000000000000000010000
00010000000000000100000101000000
00000000000010001000001000000010
11000001100000000000000000000000
00000000000100000010100000000001
00100100000000000000010000000100
11000000000000100100000000000000
00000000010000000000001001000000
00010000000000000010000000001001
00000001000000000000010010000100
00001110000000001000000000000000
00000000100001000000100000000000
00000000000100010001000000100000
00000000001010000000000100000010
00000100001001000000000000010000
00100000100000000000001001000000
00000001000010100000010000000000
00010000000000010000000010000001
00001010000000000001000100000000
00000000000000000100000000001010
00000000000000001010100000000000
