0000000100000000000000000000000000000000010010000000100000000000
0000000000000000000000010000000000000000000100000000010000000010
0000000000000000000000000000010000000100100000000000000000000000
0000000000000001000001000000000001000000000000000000000000010000
0001000000000000000100000000000000000000000000100000000000000000
0000011000000000000000000000000000001000000000000000000100000000
0000000000000000000000000000100000000000000000000010001000001000
0100000000000000000000001000000000000000000001000100000000000000
0000000010000000000000100001001000000000000000000000000000000000
0000000000000000010000000000000100010000001000000000000000000000
0000000000010000000010000000000000000000000000000001000001000000
0000000000000100100000000000000000000000000000001000000000100000
0010000000001000000000000010000000100000000000000000000000000000
0000000001000000000000000000000000000000000000010000000010000001
0000000000100000001000000100000000000001000000000000000000000000
1000100000000010000000000000000000000010000000000000000000000000
0000000000000000000000000000100010000000000000000000000000000100
0000000000000000000000010000000000101000000000000001000000000000
0000000010000100000000000000010000000010000000000000000000000000
0000000000000000000000000010000010000000000000000010000100000000
0000000000100000000000100000000000010000000000000000000000100000
0000000000010000000000000100001000000000000000000100000000000000
0001001000000000000000000000000000000000000000000000001000000001
0000000000000000000000000000000000000000000100100000000010010000
0000000001000000000001000000000001000000000000000000000000000000
0000000000000010000000000001000000000100000001000000000000000000
0000000100000000100000000000000000000000000000000000110000000000
0000000000000000000100000000000000000000010010000000000000000010
0000000000000000000000001000000000000000101000000000000000001000
0000000000001000010000000000000000000000000000001000000001000000
0010100000000000000010000000000000000000000000010000000000000000
0000000000000000001000000000000100000001000000000000000000000000
1100010000000000000000000000000000000000000000000000000000000100
0000000000100001000000000000000000000000000000000000000000010100
1000000000000000000010001000000000000000000000000000000100000000
0000000000000000000000000000000000000000010000000010010000100000
0000000000000000000000000100000010000000000000000000000000001010
0000001000000000000000010000000001000000000100000000000000000000
0000000000000000000000000000000000000000001010000100000010000000
0000000010000000000000000000000000000010000000100000100000000000
0000000100000000100000000001000000000000000000000001000000000000
0000000000000000000001000000000000100001000001000000000000000000
0000000000000100000000000000000000010000000000001000000000000001
0000000000000000001000100000000000000000000000010000000001000000
0000000000000010000000000000100000001000000000000000001000000000
0000110000010000000000000000000000000000100000000000000000000000
0001000001000000000000000000001100000000000000000000000000000000
0000000000001000010100000000000000000100000000000000000000000000
0110000000000000000000000010010000000000000000000000000000000000
0000000010000001000000000000000000000000000000000000001000000100
0000010000100000000000000001000000000000000000000000000010000000
0000000000000000100000000000000000001010000100000000000000000000
0100000000000000000000000000000000000000000000000010010000000000
0010000000000000000000001000110000000000000000000000000000000000
1000000000000000010000000000000000000000000000000000100000001000
0000000000000000000000000100001000000100000000000000000000010000
0000000000000010000000010000000000000000001010000000000000000000
0000000000000000000010000000000010000000000001010000000000000000
0000000000000000000000000000000100100000000000001000000000000010
0000000000010000000001000000000000000001010000000000000000000000
0001000000000000001000000000000000000000000000000000000100000000
0000001000000100000000000000000000010000000000000100000000000000
0000100000000000000000000000000001000000000000000000000001100000
0000000001000000000000000010000000000000100000000001000000000000
